1 27935349045.036407471           
7 27923372424.501991272           
7 27864823898.556453705           
18 27840262224.393127441           
18 27857715435.280223846           
19 27796349528.595275879           
27 27786720000.859073639           
35 27785769375.323429108           
53 27748215525.310188293           
61 27730901885.315093994           
62 27647176343.482196808           
73 27630911919.295597076           
74 27592607405.903274536           
78 27592028711.382411957           
78 27592411787.512794495           
84 27592003394.584293365           
85 27591833093.061378479           
93 27591807828.76593399            
100 27591767829.782485962           
129 27540980085.379711151           
129 27548001258.723014832           
142 27321076788.123394012           
143 26174633425.788272858           
152 26028936331.922966003           
152 10489766.713367000222        
161 10259852.822213999927        
162 9974426.5274030007422       
163 9916236.6266120001674       
169 9728266.1892390009016       
170 9672337.0926520004869       
171 9590933.5331720001996       
178 9524585.3532449994236       
178 9488296.1038010008633       
179 9431753.6776390001178       
181 9342323.9628630001098       
193 9261770.9230240006          
224 8733006.1428759992123       
256 8644349.2312490008771       
256 8689993.3333439994603       
269 8641715.727654999122        
292 8640342.1207149997354       
293 8637091.7569549996406       
294 8632928.7011239994317       
335 8545700.847480000928        
347 8472736.521826999262        
373 8461098.0584989991039       
374 8444954.9272489994764       
375 8397425.7955060005188       
384 8387880.7004349995404       
385 8361236.8779130000621       
410 8345191.5633629998192       
411 8326095.8479629997164       
414 8285663.403594000265        
415 8221034.3276669997722       
441 8085500.6902339998633       
456 8078007.8741870000958       
457 8072715.518441000022        
458 8067366.3998320000246       
460 7980888.275515999645        
461 7861916.2205220004544       
501 7855128.1731059998274       
501 7854146.5729149999097       
